[gd_scene load_steps=6 format=2]

[ext_resource path="res://assets/robot/robo-ante-arm.tscn" type="PackedScene" id=1]
[ext_resource path="res://assets/robot/robo-fore-arm.tscn" type="PackedScene" id=2]
[ext_resource path="res://assets/robot/robo-foot.tscn" type="PackedScene" id=3]
[ext_resource path="res://level/LimbItem.gd" type="Script" id=4]

[sub_resource type="BoxShape" id=1]
extents = Vector3( 1.73783, 3.28499, 1.767 )

[node name="LimbItem" type="Spatial"]
script = ExtResource( 4 )

[node name="Limb" type="Spatial" parent="."]
transform = Transform( -0.46305, 0, 0.886332, 0, 1, 0, -0.886332, 0, -0.46305, 0, 0, 0 )

[node name="robo-leg-hi" parent="Limb" instance=ExtResource( 1 )]
transform = Transform( 0.5, 1.59995e-08, 0.866025, 0.866025, -5.97109e-08, -0.5, 4.37114e-08, 1, -4.37114e-08, 0, 0, 0 )

[node name="robo-leg-lo" parent="Limb" instance=ExtResource( 2 )]
transform = Transform( -0.406641, -0.00972625, -0.913536, 0.913588, -0.00432906, -0.406618, 1.10827e-07, -0.999943, 0.0106462, 1.47238, 2.59644, 0 )

[node name="robo-foot" parent="Limb" instance=ExtResource( 3 )]
transform = Transform( -0.46546, -0.885069, 0, 0.885069, -0.46546, 0, 0, 0, 1, 0.235391, 5.35683, 0 )

[node name="Area" type="Area" parent="." groups=[
"limb_item",
]]

[node name="CollisionShape" type="CollisionShape" parent="Area"]
transform = Transform( 1, 0, 0, 0, 1, 0, 0, 0, 1, 0, 2.98695, 0 )
shape = SubResource( 1 )

[node name="OmniLight" type="OmniLight" parent="."]
transform = Transform( 1, 0, 0, 0, 1, 0, 0, 0, 1, 0, 2.77694, 0 )
light_energy = 3.0
omni_range = 10.0

[node name="Tween" type="Tween" parent="."]
[connection signal="body_entered" from="Area" to="." method="_on_Area_body_entered"]
